225 452 585 1070 4 16
644 428 587 1056 2 14
695 420 550 989 3 14
132 334 437 795 1 10
553 399 541 968 3 16
1018 560 767 1348 3 18
638 444 616 1108 3 12
477 366 544 952 5 13
198 178 230 418 2 7
149 316 447 799 2 13
528 424 587 1053 4 17
470 460 676 1193 2 14
585 658 848 1551 3 18
222 453 601 1100 4 16
643 461 675 1210 2 15
135 333 460 832 2 12
692 393 500 921 3 13
554 529 724 1302 4 22
250 455 620 1096 4 16
631 429 612 1097 3 10
196 131 193 343 1 5
147 303 425 782 2 15
526 402 529 969 4 17
954 489 671 1226 3 15
712 407 505 933 3 12
191 443 588 1078 4 18
636 626 857 1546 3 18
140 424 583 1055 2 17
953 574 775 1404 3 21
521 416 539 978 4 16
479 316 472 820 3 11
1023 383 530 945 2 9
727 535 713 1291 3 15
514 640 919 1609 5 13
603 475 657 1167 2 15
961 352 494 898 3 9
604 567 796 1416 4 19
219 379 509 907 3 12
1024 418 547 994 2 16
494 527 762 1348 3 16
561 501 644 1177 2 19
676 501 604 1121 2 14
217 430 573 1029 3 18
566 370 487 883 2 10
107 224 323 568 2 9
671 636 847 1545 2 22
210 370 455 852 3 10
729 459 634 1126 3 15
493 540 749 1344 3 16
660 381 525 960 1 12
201 390 537 971 2 9
116 381 553 997 2 14
453 396 538 960 3 17
454 506 715 1264 3 18
485 414 566 1006 3 13
667 501 695 1262 1 12
206 398 534 978 5 15
615 440 564 1047 3 13
502 492 697 1244 2 12
381 472 656 1188 4 16
669 505 712 1270 1 12
208 450 575 1064 6 19
20 322 445 801 2 11
612 478 674 1196 4 15
505 611 835 1493 3 19
703 500 655 1188 3 16
468 416 597 1058 3 12
530 428 601 1068 4 19
942 500 644 1175 3 21
246 517 711 1290 3 13
180 353 457 821 3 16
945 499 672 1212 2 16
537 410 598 1044 2 14
187 239 346 630 3 10
704 489 661 1184 4 15
461 429 606 1071 3 14
539 416 582 1048 2 16
189 365 494 924 3 13
124 321 453 841 2 15
545 385 509 925 4 14
233 445 559 1041 3 13
594 298 424 756 3 9
652 718 1038 1829 3 21
123 292 415 747 2 15
542 445 610 1096 2 15
593 434 599 1081 4 9
234 346 467 847 3 10
655 393 551 986 2 12
466 406 559 1014 3 14
248 478 659 1173 2 13
629 392 526 952 4 11
567 457 618 1107 2 14
106 300 400 728 2 7
670 758 976 1793 2 22
211 406 543 983 6 16
728 381 507 909 3 13
492 471 648 1161 4 15
495 633 844 1528 3 18
560 352 494 884 2 15
216 446 589 1065 3 16
512 392 547 970 3 10
960 378 532 961 3 14
605 385 565 998 2 10
218 356 478 863 4 16
1025 432 583 1051 3 15
726 371 493 903 3 11
1022 437 576 1031 2 14
515 571 811 1422 5 13
602 409 571 1015 3 16
637 444 635 1138 2 13
190 202 248 474 2 8
141 305 418 766 1 11
520 388 511 930 5 13
478 418 602 1064 2 8
251 454 595 1080 3 14
197 432 610 1082 3 13
630 389 536 988 2 12
146 423 579 1053 3 17
527 367 499 902 3 14
955 381 516 938 2 12
199 113 150 269 2 5
148 459 652 1176 2 18
529 378 497 914 4 13
471 413 603 1069 2 13
223 374 467 886 2 12
642 450 627 1131 3 18
693 387 537 956 4 16
134 440 597 1091 2 17
555 408 564 1011 2 18
224 389 501 935 3 15
645 519 731 1314 3 17
133 330 464 826 2 15
694 556 672 1260 4 14
552 462 628 1124 3 19
1019 475 652 1156 4 18
639 467 615 1124 3 15
476 432 608 1074 2 17
543 440 623 1126 3 16
235 495 721 1257 2 9
592 513 661 1222 5 15
654 479 620 1150 2 15
467 508 703 1281 5 17
249 507 645 1189 4 18
460 405 548 990 3 14
66 363 505 921 3 13
538 594 844 1489 3 19
188 142 170 324 1 6
125 417 554 1010 3 19
544 425 594 1072 2 16
232 475 604 1107 5 19
653 475 653 1183 2 10
944 556 723 1323 3 16
536 369 536 959 4 14
186 302 426 763 3 10
705 415 568 1018 3 16
702 382 520 942 3 12
469 443 638 1143 2 14
150 108 145 258 1 5
531 345 473 851 3 12
943 413 566 1031 2 17
247 516 696 1258 3 14
181 246 349 625 2 9
613 529 680 1242 3 13
614 465 551 1035 2 11
503 623 880 1558 3 16
380 542 730 1325 5 21
730 329 450 800 3 12
668 426 577 1046 1 11
209 507 625 1164 3 15
455 473 642 1147 3 17
666 545 750 1337 1 15
207 428 583 1047 3 17
661 637 915 1625 2 21
200 322 428 772 6 11
28 317 403 739 2 11
452 373 507 896 3 15
463 255 346 616 3 12
949 471 633 1147 2 15
708 464 579 1070 3 13
547 501 703 1260 2 16
126 337 457 816 2 14
650 394 533 957 2 10
231 440 539 1019 6 19
540 383 539 961 2 15
657 399 559 1010 2 12
236 373 498 895 4 13
591 380 452 854 2 14
701 472 579 1067 4 15
688 493 682 1200 3 18
659 592 847 1539 2 20
238 276 370 677 4 8
532 378 514 925 4 18
182 232 321 573 2 8
244 353 488 894 3 13
947 438 607 1085 3 18
185 400 517 952 3 14
243 383 487 902 4 14
706 376 473 865 4 13
549 415 584 1025 2 17
128 330 456 822 2 13
458 436 619 1088 3 19
489 427 592 1066 3 17
617 442 585 1074 4 15
500 675 948 1685 2 17
610 557 730 1349 3 23
507 554 772 1373 3 17
203 224 309 556 2 8
662 748 1015 1833 2 24
114 219 327 570 2 2
451 485 658 1183 3 18
509 399 561 992 2 13
456 520 679 1251 3 14
487 467 654 1183 4 17
204 224 304 549 1 8
665 552 732 1340 1 15
608 491 650 1183 2 16
496 616 836 1524 2 22
563 568 749 1351 2 14
215 470 622 1119 3 18
674 605 756 1389 2 17
1028 437 585 1047 3 20
105 399 536 987 2 8
564 525 677 1238 2 19
212 85 119 211 2 2
673 657 873 1580 2 23
179 338 467 833 2 13
491 304 394 717 3 14
1021 579 760 1372 4 22
725 484 643 1173 3 12
516 328 469 825 2 9
964 462 642 1140 3 8
601 566 760 1363 3 21
963 432 623 1103 5 12
511 660 906 1628 4 19
606 425 559 1025 3 14
498 410 533 977 2 11
449 343 472 843 5 13
1026 497 722 1269 3 21
194 207 281 509 2 6
633 416 588 1065 3 14
252 400 522 950 3 10
956 482 651 1169 4 14
524 450 593 1073 5 16
145 326 459 851 2 11
589 378 474 882 4 17
558 799 1064 1953 2 27
139 359 482 876 2 16
376 440 585 1058 3 16
648 533 761 1364 3 21
229 377 516 934 7 16
699 438 601 1083 3 15
710 385 513 927 4 14
634 502 708 1264 2 12
193 419 585 1062 2 10
523 406 540 984 4 14
142 360 501 903 2 17
646 442 584 1082 2 13
227 469 595 1103 4 19
551 452 597 1098 2 11
130 402 557 1020 2 17
697 436 576 1048 2 10
807 369 522 934 4 8
475 453 610 1119 2 15
958 482 688 1247 4 17
472 510 752 1321 3 17
641 424 580 1054 3 12
220 424 513 963 3 17
587 372 493 891 3 14
556 468 620 1119 2 18
690 376 533 940 4 12
137 368 519 938 2 15
378 397 544 983 4 18
457 489 650 1168 3 15
486 358 496 904 2 13
618 656 885 1591 2 27
205 377 507 907 5 18
664 539 752 1354 1 13
202 268 379 689 3 6
663 431 586 1060 1 12
115 229 342 616 2 2
450 483 667 1193 4 17
508 389 547 983 3 13
611 381 488 900 3 14
506 406 532 963 2 12
459 453 585 1075 3 17
488 428 580 1064 3 16
616 425 575 1053 2 17
501 574 801 1421 2 19
382 263 364 657 5 10
534 524 695 1251 4 16
946 556 724 1323 2 22
184 257 354 642 2 8
707 371 495 897 2 8
548 509 725 1285 2 14
129 293 419 756 2 15
599 442 593 1068 2 14
700 444 577 1049 2 13
689 385 507 934 3 13
658 539 751 1342 2 19
533 434 584 1044 4 17
183 369 508 915 2 12
245 395 551 988 3 13
541 400 538 974 3 13
656 345 513 889 3 9
590 722 925 1704 5 27
237 357 482 862 2 14
63 394 526 947 3 11
462 529 706 1271 3 15
948 469 634 1134 3 19
709 463 602 1083 4 15
546 831 1128 2030 3 27
127 252 368 657 1 10
651 380 508 925 4 12
230 379 520 939 3 11
959 419 598 1060 4 8
473 433 602 1107 3 13
640 427 545 1017 2 11
586 439 601 1097 3 18
221 343 470 842 4 15
557 522 686 1267 3 19
136 313 440 780 2 12
691 426 540 986 2 18
379 353 473 865 2 13
647 434 616 1108 3 19
226 398 479 915 3 14
550 418 589 1054 2 17
696 383 550 960 2 8
131 392 537 982 2 16
806 396 543 980 3 15
474 775 1102 1986 2 27
649 447 611 1112 3 15
228 395 522 953 3 17
698 398 536 968 3 21
711 426 535 986 4 18
192 350 514 911 3 10
635 432 619 1099 2 11
522 422 604 1074 2 14
950 628 879 1558 2 16
143 343 468 838 2 15
808 667 896 1638 3 15
632 385 550 1010 3 11
195 365 512 904 2 11
253 326 446 792 3 14
957 425 591 1063 3 12
525 381 504 935 3 16
144 273 357 657 1 11
588 353 429 802 3 12
559 432 560 1023 1 16
138 449 602 1088 2 16
377 458 649 1164 3 17
962 432 612 1106 3 15
510 428 598 1064 2 13
607 586 748 1391 4 22
499 384 516 928 2 13
1027 575 781 1401 4 17
1020 442 576 1062 3 12
965 240 320 572 2 8
600 460 637 1149 3 17
104 366 527 944 2 13
565 423 555 1015 3 14
213 458 610 1112 4 15
672 427 575 1046 1 12
519 357 487 891 3 13
490 602 767 1420 5 25
497 454 628 1124 2 7
562 374 502 895 1 12
214 576 790 1417 4 19
675 687 835 1554 3 20
